================================================================================
                            Final Statistics
================================================================================
Accuracy:  0.2222222222222222
Precision: 0.031746031746031744
Recall:    0.14285714285714285
F-Score:   0.051948051948051945

              precision    recall  f1-score   support

           0       0.00      0.00      0.00         4
           1       0.00      0.00      0.00        10
           2       0.00      0.00      0.00        15
           3       0.22      1.00      0.36        18
           4       0.00      0.00      0.00         8
           5       0.00      0.00      0.00        12
           6       0.00      0.00      0.00        14

    accuracy                           0.22        81
   macro avg       0.03      0.14      0.05        81
weighted avg       0.05      0.22      0.08        81
