================================================================================
                            Final Statistics
================================================================================
Accuracy:  0.9012345679012346
Precision: 0.9022735409953455
Recall:    0.9201814058956915
F-Score:   0.9073651359365645

              precision    recall  f1-score   support

           0       0.80      1.00      0.89         4
           1       0.90      0.90      0.90        10
           2       1.00      0.87      0.93        15
           3       0.84      0.89      0.86        18
           4       1.00      1.00      1.00         8
           5       0.86      1.00      0.92        12
           6       0.92      0.79      0.85        14

    accuracy                           0.90        81
   macro avg       0.90      0.92      0.91        81
weighted avg       0.91      0.90      0.90        81
