================================================================================
                            Final Statistics
================================================================================
Accuracy:  0.8271604938271605
Precision: 0.8205627705627706
Recall:    0.8091836734693878
F-Score:   0.8045525902668759

              precision    recall  f1-score   support

           0       0.60      0.75      0.67         4
           1       0.73      0.80      0.76        10
           2       1.00      0.73      0.85        15
           3       0.75      1.00      0.86        18
           4       0.75      0.75      0.75         8
           5       0.92      0.92      0.92        12
           6       1.00      0.71      0.83        14

    accuracy                           0.83        81
   macro avg       0.82      0.81      0.80        81
weighted avg       0.85      0.83      0.83        81
