================================================================================
                            Final Statistics
================================================================================
Accuracy:  0.2345679012345679
Precision: 0.17500000000000002
Recall:    0.15714285714285717
F-Score:   0.07845216008481315

              precision    recall  f1-score   support

           0       0.00      0.00      0.00         4
           1       1.00      0.10      0.18        10
           2       0.00      0.00      0.00        15
           3       0.23      1.00      0.37        18
           4       0.00      0.00      0.00         8
           5       0.00      0.00      0.00        12
           6       0.00      0.00      0.00        14

    accuracy                           0.23        81
   macro avg       0.18      0.16      0.08        81
weighted avg       0.17      0.23      0.10        81
