================================================================================
                            Final Statistics
================================================================================
Accuracy:  0.8888888888888888
Precision: 0.9251082251082252
Recall:    0.8943877551020407
F-Score:   0.9049666689418242

              precision    recall  f1-score   support

           0       1.00      1.00      1.00         4
           1       0.90      0.90      0.90        10
           2       1.00      0.87      0.93        15
           3       0.75      1.00      0.86        18
           4       1.00      0.88      0.93         8
           5       0.91      0.83      0.87        12
           6       0.92      0.79      0.85        14

    accuracy                           0.89        81
   macro avg       0.93      0.89      0.90        81
weighted avg       0.90      0.89      0.89        81
