================================================================================
                            Final Statistics
================================================================================
Accuracy:  0.3333333333333333
Precision: 0.13022060398372243
Recall:    0.2777777777777778
F-Score:   0.16048370567739292

              precision    recall  f1-score   support

           0       0.00      0.00      0.00         4
           1       0.17      1.00      0.29        10
           2       0.00      0.00      0.00        15
           3       0.74      0.94      0.83        18
           4       0.00      0.00      0.00         8
           5       0.00      0.00      0.00        12
           6       0.00      0.00      0.00        14

    accuracy                           0.33        81
   macro avg       0.13      0.28      0.16        81
weighted avg       0.19      0.33      0.22        81
