================================================================================
                            Final Statistics
================================================================================
Accuracy:  0.9012345679012346
Precision: 0.9261904761904762
Recall:    0.9102607709750566
F-Score:   0.9147043432757718

              precision    recall  f1-score   support

           0       1.00      1.00      1.00         4
           1       0.90      0.90      0.90        10
           2       1.00      0.87      0.93        15
           3       0.81      0.94      0.87        18
           4       1.00      0.88      0.93         8
           5       0.86      1.00      0.92        12
           6       0.92      0.79      0.85        14

    accuracy                           0.90        81
   macro avg       0.93      0.91      0.91        81
weighted avg       0.91      0.90      0.90        81
